47 95 0
37 54 3050
50 69 3050
67 86 3050
7 19 3050
17 54 4575
44 80 4575
15 60 4575
7 36 6100
38 83 6100
42 92 6100
0 5 7625
9 81 7625
10 73 7625
20 92 9150
28 72 9150
61 82 9150
26 98 9150
78 98 10675
11 15 10675
4 70 10675
43 77 10675
40 67 10675
47 75 10675
88 95 10675
60 62 12200
56 66 12200
5 73 12200
59 97 12200
16 67 12200
11 95 13725
81 84 13725
9 39 13725
13 33 13725
36 57 13725
28 47 15250
9 34 15250
43 59 15250
0 26 15250
63 79 15250
23 72 15250
14 45 15250
13 41 16775
27 77 16775
8 17 16775
96 97 16775
29 73 16775
16 34 16775
30 74 16775
3 41 16775
53 58 16775
4 9 18300
7 13 18300
35 88 18300
16 68 18300
17 35 18300
27 93 19825
25 52 19825
50 93 19825
73 96 19825
72 74 19825
14 65 21350
31 85 21350
8 79 21350
12 52 21350
9 38 21350
2 51 22875
44 81 22875
18 88 22875
3 40 22875
13 46 22875
30 70 22875
45 62 24400
9 91 24400
22 58 24400
42 79 25925
18 99 25925
33 52 25925
44 66 25925
21 71 25925
61 76 25925
90 98 25925
52 87 25925
80 94 25925
1 12 25925
32 83 27450
61 63 27450
15 78 27450
71 80 28975
64 98 28975
32 55 30500
49 66 30500
73 89 30500
24 65 30500
57 85 32025
53 87 32025
18 48 33550
51 72 35075
6 48 41175
1769000
